Entry_id,Time,Latitude,Longtitude,Altitude,Candy__detector_data,,,,,
00000,11:18:00,4915.97559,01513.63330,21525.6,$CANDY,599,17,0,3,0
00001,11:18:16,4915.97559,01513.63330,21525.6,$CANDY,599,17,0,3,0
00002,11:18:32,4915.97559,01513.63330,21525.6,$CANDY,599,17,0,3,0
00003,11:18:48,4915.97559,01513.63330,21525.6,$CANDY,599,17,0,3,0
00004,11:19:53,4915.97559,01513.63330,21525.6,$CANDY,599,17,0,3,0
00005,11:20:09,4915.97559,01513.63330,21525.6,$CANDY,599,17,0,3,0
00006,11:20:26,4915.97559,01513.63330,21525.6,$CANDY,599,17,0,3,0
00007,11:20:42,4915.97559,01513.63330,21525.6,$CANDY,599,17,0,3,0
00008,11:20:58,4915.97559,01513.63330,21525.6,$CANDY,599,17,0,3,0
00009,11:21:30,4915.97559,01513.63330,21525.6,$CANDY,599,17,0,3,0
00010,11:21:47,4915.97559,01513.63330,21525.6,$CANDY,599,17,0,3,0
00011,11:22:03,4915.97559,01513.63330,21525.6,$CANDY,599,17,0,3,0
00012,11:22:19,4915.97559,01513.63330,21525.6,$CANDY,599,17,0,3,0
00013,11:22:35,4915.97559,01513.63330,21525.6,$CANDY,599,17,0,3,0
00014,11:22:51,4900.67920,01552.81970,2343.5,$CANDY,599,17,0,3,0
00015,11:23:08,4900.49121,01553.07935,2245.1,$CANDY,599,17,0,3,0
00016,11:23:24,4900.33252,01553.33228,2137.8,$CANDY,599,17,0,3,0
00017,11:23:40,4900.26123,01553.46631,2082.3,$CANDY,599,17,0,3,0
00018,11:23:56,4900.13184,01553.67102,1989.6,$CANDY,599,17,0,3,0
00019,11:25:01,4859.73486,01554.49829,1609.3,$CANDY,599,17,0,3,0
00020,11:25:34,4859.53418,01555.51050,1324.9,$CANDY,599,17,0,3,0
00021,11:25:50,4859.51465,01555.72742,1254.3,$CANDY,599,17,0,3,0
00022,11:26:06,4859.48975,01556.00183,1178.8,$CANDY,599,17,0,3,0
00023,11:26:38,4859.44727,01556.49146,1006.1,$CANDY,599,17,0,3,0
00024,11:26:55,4859.42529,01556.70325,892.1,$CANDY,599,17,0,3,0
00025,11:27:11,4859.41602,01556.87927,815.7,$CANDY,599,17,0,3,0
00026,11:27:27,4859.41211,01557.16919,715.1,$CANDY,599,17,0,3,0
00027,11:27:43,4859.40967,01557.38196,625.3,$CANDY,599,17,0,3,0
00028,11:28:00,4859.39111,01557.59021,525.2,$CANDY,599,17,0,3,0
00029,11:28:16,4859.37695,01557.75586,425.0,$CANDY,599,17,0,3,0
