Entry_id,Time,Latitude,Longtitude,Altitude,Candy__detector_data,,,,,
00000,10:27:44,4917.79736,01509.10364,21096.8,$CANDY,599,17,0,3,0
00001,10:28:00,4917.79492,01509.12219,21180.5,$CANDY,599,17,0,3,0
00002,10:29:37,4917.47705,01509.47583,22006.0,$CANDY,599,17,0,3,0
00003,10:29:54,4917.42334,01509.50159,22110.8,$CANDY,599,17,0,3,0
00004,10:30:10,4917.35693,01509.51599,22223.5,$CANDY,599,17,0,3,0
00005,10:30:58,4917.22949,01509.53369,22626.6,$CANDY,599,17,0,3,0
00006,10:31:15,4917.18066,01509.58838,22779.4,$CANDY,599,17,0,3,0
00007,10:31:31,4917.11670,01509.64075,22910.2,$CANDY,599,17,0,3,0
00008,10:31:47,4917.04199,01509.67358,23038.2,$CANDY,599,17,0,3,0
00009,10:32:03,4916.97607,01509.69263,23159.6,$CANDY,599,17,0,3,0
00010,10:32:20,4916.93164,01509.69910,23303.0,$CANDY,599,17,0,3,0
00011,10:32:52,4916.80908,01509.68994,23549.7,$CANDY,599,17,0,3,0
00012,10:33:08,4916.77490,01509.67834,23671.6,$CANDY,599,17,0,3,0
00013,10:48:00,4916.39941,01512.73718,31400.4,$CANDY,599,17,0,3,0
00014,10:48:32,4916.39941,01512.73718,31400.4,$CANDY,599,17,0,3,0
00015,10:49:37,4916.39941,01512.73718,31400.4,$CANDY,599,17,0,3,0
00016,10:49:54,4916.39941,01512.73718,31400.4,$CANDY,599,17,0,3,0
00017,10:50:10,4916.44482,01513.30212,26353.5,$CANDY,599,17,0,3,0
00018,10:50:26,4916.39111,01513.30774,25842.9,$CANDY,599,17,0,3,0
00019,10:51:14,4916.29541,01513.49231,24416.3,$CANDY,599,17,0,3,0
00020,10:51:31,4916.28955,01513.53271,23944.6,$CANDY,599,17,0,3,0
00021,10:51:47,4916.28076,01513.52136,23506.7,$CANDY,599,17,0,3,0
00022,10:52:03,4916.23486,01513.53137,23085.6,$CANDY,599,17,0,3,0
00023,10:52:19,4916.17529,01513.56519,22676.2,$CANDY,599,17,0,3,0
00024,10:52:36,4916.13232,01513.57434,22256.7,$CANDY,599,17,0,3,0
00025,10:52:52,4916.06250,01513.57349,21862.0,$CANDY,599,17,0,3,0
00026,10:53:08,4915.97559,01513.63330,21525.6,$CANDY,599,17,0,3,0
00027,10:53:24,4915.97559,01513.63330,21525.6,$CANDY,599,17,0,3,0
00028,10:54:29,4915.97559,01513.63330,21525.6,$CANDY,599,17,0,3,0
00029,10:54:45,4915.97559,01513.63330,21525.6,$CANDY,599,17,0,3,0
00030,10:55:02,4915.97559,01513.63330,21525.6,$CANDY,599,17,0,3,0
00031,10:55:18,4915.97559,01513.63330,21525.6,$CANDY,599,17,0,3,0
00032,10:55:34,4915.97559,01513.63330,21525.6,$CANDY,599,17,0,3,0
00033,10:56:06,4915.97559,01513.63330,21525.6,$CANDY,599,17,0,3,0
00034,10:56:23,4915.97559,01513.63330,21525.6,$CANDY,599,17,0,3,0
00035,10:56:39,4915.97559,01513.63330,21525.6,$CANDY,599,17,0,3,0
00036,10:56:55,4915.97559,01513.63330,21525.6,$CANDY,599,17,0,3,0
00037,10:57:11,4915.97559,01513.63330,21525.6,$CANDY,599,17,0,3,0
00038,10:57:28,4915.97559,01513.63330,21525.6,$CANDY,599,17,0,3,0
00039,10:57:44,4915.97559,01513.63330,21525.6,$CANDY,599,17,0,3,0
00040,10:58:00,4915.97559,01513.63330,21525.6,$CANDY,599,17,0,3,0
00041,10:58:16,4915.97559,01513.63330,21525.6,$CANDY,599,17,0,3,0
00042,10:58:32,4915.97559,01513.63330,21525.6,$CANDY,599,17,0,3,0
00043,10:59:37,4915.97559,01513.63330,21525.6,$CANDY,599,17,0,3,0
00044,10:59:53,4915.97559,01513.63330,21525.6,$CANDY,599,17,0,3,0
00045,11:00:10,4915.97559,01513.63330,21525.6,$CANDY,599,17,0,3,0
00046,11:00:26,4915.97559,01513.63330,21525.6,$CANDY,599,17,0,3,0
00047,11:01:31,4915.97559,01513.63330,21525.6,$CANDY,599,17,0,3,0
00048,11:01:47,4915.97559,01513.63330,21525.6,$CANDY,599,17,0,3,0
00049,11:02:03,4915.97559,01513.63330,21525.6,$CANDY,599,17,0,3,0
00050,11:02:19,4915.97559,01513.63330,21525.6,$CANDY,599,17,0,3,0
00051,11:02:36,4915.97559,01513.63330,21525.6,$CANDY,599,17,0,3,0
00052,11:02:52,4915.97559,01513.63330,21525.6,$CANDY,599,17,0,3,0
00053,11:03:08,4915.97559,01513.63330,21525.6,$CANDY,599,17,0,3,0
00054,11:03:24,4915.97559,01513.63330,21525.6,$CANDY,599,17,0,3,0
00055,11:03:40,4915.97559,01513.63330,21525.6,$CANDY,599,17,0,3,0
00056,11:04:13,4915.97559,01513.63330,21525.6,$CANDY,599,17,0,3,0
