Entry_id,Time,Latitude,Longtitude,Altitude,Candy__detector_data,,,,,
00000,11:04:45,4915.97559,01513.63330,21525.6,$CANDY,599,17,0,3,0
00001,11:05:01,4915.97559,01513.63330,21525.6,$CANDY,599,17,0,3,0
00002,11:05:34,4915.97559,01513.63330,21525.6,$CANDY,599,17,0,3,0
00003,11:06:06,4915.97559,01513.63330,21525.6,$CANDY,599,17,0,3,0
00004,11:06:23,4915.97559,01513.63330,21525.6,$CANDY,599,17,0,3,0
00005,11:06:39,4915.97559,01513.63330,21525.6,$CANDY,599,17,0,3,0
00006,11:06:55,4915.97559,01513.63330,21525.6,$CANDY,599,17,0,3,0
00007,11:07:11,4915.97559,01513.63330,21525.6,$CANDY,599,17,0,3,0
00008,11:07:27,4915.97559,01513.63330,21525.6,$CANDY,599,17,0,3,0
00009,11:07:44,4915.97559,01513.63330,21525.6,$CANDY,599,17,0,3,0
00010,11:08:00,4915.97559,01513.63330,21525.6,$CANDY,599,17,0,3,0
00011,11:08:16,4915.97559,01513.63330,21525.6,$CANDY,599,17,0,3,0
00012,11:08:16,4915.97559,01513.63330,21525.6,$CANDY,599,17,0,3,0
00013,11:08:49,4915.97559,01513.63330,21525.6,$CANDY,599,17,0,3,0
00014,11:09:53,4915.97559,01513.63330,21525.6,$CANDY,599,17,0,3,0
00015,11:10:10,4915.97559,01513.63330,21525.6,$CANDY,599,17,0,3,0
00016,11:10:26,4915.97559,01513.63330,21525.6,$CANDY,599,17,0,3,0
00017,11:10:42,4915.97559,01513.63330,21525.6,$CANDY,599,17,0,3,0
00018,11:11:14,4915.97559,01513.63330,21525.6,$CANDY,599,17,0,3,0
00019,11:11:31,4915.97559,01513.63330,21525.6,$CANDY,599,17,0,3,0
00020,11:11:47,4915.97559,01513.63330,21525.6,$CANDY,599,17,0,3,0
00021,11:12:03,4915.97559,01513.63330,21525.6,$CANDY,599,17,0,3,0
