Entry_id,Time,Latitude,Longtitude,Altitude,Candy__detector_data,,,,,
00000,09:49:38,4937.41699,1422.61035,5268.1,$CANDY,599,17,0,3,0
00001,09:50:10,4937.10742,1423.47949,5461.4,$CANDY,599,17,0,3,0
00002,09:50:26,4936.94727,1423.97107,5554.3,$CANDY,599,17,0,3,0
00003,09:51:15,4936.46777,1425.37769,5856.6,$CANDY,599,17,0,3,0
00004,09:51:31,4936.31104,1425.87207,5961.9,$CANDY,599,17,0,3,0
00005,09:51:47,4936.12793,1426.33752,6064.7,$CANDY,599,17,0,3,0
00006,09:52:04,4935.95117,1426.87000,6168.2,$CANDY,599,17,0,3,0
00007,09:52:20,4935.75928,1427.37122,6257.4,$CANDY,599,17,0,3,0
00008,09:52:36,4935.58008,01427.86719,6351.6,$CANDY,599,17,0,3,0
00009,09:53:08,4935.22314,1428.86890,6552.0,$CANDY,599,17,0,3,0
00010,09:53:25,4935.03906,1429.44373,6652.4,$CANDY,599,17,0,3,0
00011,09:53:41,4934.84375,1429.97351,6755.2,$CANDY,599,17,0,3,0
00012,09:54:13,4934.47607,1431.08948,6950.9,$CANDY,599,17,0,3,0
00013,09:54:30,4934.28906,1431.68079,7049.3,$CANDY,599,17,0,3,0
00014,09:54:46,4934.11621,1432.21082,7154.5,$CANDY,599,17,0,3,0
00015,09:54:46,4934.11621,1432.21082,7154.5,$CANDY,599,17,0,3,0
00016,09:55:18,4933.75586,1433.28040,7330.9,$CANDY,599,17,0,3,0
00017,09:55:51,4933.46680,1434.36365,7534.0,$CANDY,599,17,0,3,0
00018,09:56:07,4933.31592,1434.86694,7626.1,$CANDY,599,17,0,3,0
00019,09:56:23,4933.18311,1435.37207,7722.1,$CANDY,599,17,0,3,0
00020,09:56:39,4933.04199,1435.88025,7818.0,$CANDY,599,17,0,3,0
00021,09:56:56,4932.86523,1436.40161,7920.7,$CANDY,599,17,0,3,0
00022,09:57:12,4932.69727,1436.92834,8033.1,$CANDY,599,17,0,3,0
00023,09:57:28,4932.53174,1437.43030,8135.7,$CANDY,599,17,0,3,0
00024,09:57:44,4932.36133,1437.91736,8239.0,$CANDY,599,17,0,3,0
00025,09:58:00,4932.20605,1438.37927,8352.9,$CANDY,599,17,0,3,0
00026,09:58:33,4931.80615,1439.41418,8564.2,$CANDY,599,17,0,3,0
00027,09:58:49,4931.61475,01439.90344,8681.3,$CANDY,599,17,0,3,0
00028,09:59:05,4931.38916,1440.42188,8801.7,$CANDY,599,17,0,3,0
00029,09:59:21,4931.16504,1440.98901,8905.0,$CANDY,599,17,0,3,0
00030,09:59:38,4930.90381,1441.61279,9023.9,$CANDY,599,17,0,3,0
00031,09:59:54,4930.66357,01442.19727,9111.9,$CANDY,599,17,0,3,0
00032,10:00:10,4930.42139,01442.79211,9199.2,$CANDY,599,17,0,3,0
00033,10:00:26,4930.17969,01443.38025,9313.2,$CANDY,599,17,0,3,0
00034,10:00:42,4929.95068,1444.02734,9423.9,$CANDY,599,17,0,3,0
00035,10:00:59,4929.69043,1444.73059,9536.2,$CANDY,599,17,0,3,0
00036,10:01:15,4929.45557,1445.41357,9653.5,$CANDY,599,17,0,3,0
00037,10:01:31,4929.22119,1446.02917,9762.8,$CANDY,599,17,0,3,0
00038,10:01:47,4928.96045,1446.66504,9875.0,$CANDY,599,17,0,3,0
00039,10:02:04,4928.69580,1447.34729,9991.8,$CANDY,599,17,0,3,0
00040,10:02:20,4928.43848,1447.99329,10084.9,$CANDY,599,17,0,3,0
00041,10:02:36,4928.18994,1448.64905,10197.1,$CANDY,599,17,0,3,0
00042,10:02:52,4927.94189,1449.30115,10302.1,$CANDY,599,17,0,3,0
00043,10:03:08,4927.70166,1449.92603,10404.2,$CANDY,599,17,0,3,0
00044,10:03:25,4927.46387,1450.57764,10500.5,$CANDY,599,17,0,3,0
00045,10:03:41,4927.19434,1451.20959,10588.7,$CANDY,599,17,0,3,0
00046,10:03:57,4926.91406,1451.79651,10686.5,$CANDY,599,17,0,3,0
00047,10:04:30,4926.31299,1452.95532,10866.9,$CANDY,599,17,0,3,0
00048,10:04:46,4926.02783,1453.46570,10988.8,$CANDY,599,17,0,3,0
00049,10:05:02,4925.73828,1453.91687,11097.8,$CANDY,599,17,0,3,0
00050,10:05:18,4925.50684,1454.38782,11201.0,$CANDY,599,17,0,3,0
00051,10:05:34,4925.26953,1454.84460,11322.3,$CANDY,599,17,0,3,0
00052,10:05:51,4925.06299,01455.34631,11436.1,$CANDY,599,17,0,3,0
00053,10:06:07,4924.90576,1455.81140,11538.0,$CANDY,599,17,0,3,0
00054,10:06:23,4924.72363,1456.30396,11678.7,$CANDY,599,17,0,3,0
00055,10:06:39,4924.53809,1456.81580,11787.2,$CANDY,599,17,0,3,0
00056,10:06:55,4924.29150,1457.35095,11892.2,$CANDY,599,17,0,3,0
00057,10:07:12,4923.97217,1457.84631,11991.4,$CANDY,599,17,0,3,0
00058,10:07:28,4923.68311,1458.23486,12109.7,$CANDY,599,17,0,3,0
00059,10:08:00,4923.25879,01458.91394,12367.2,$CANDY,599,17,0,3,0
00060,10:08:16,4923.11621,1459.23657,12491.6,$CANDY,599,17,0,3,0
00061,10:08:33,4922.98975,1459.59399,12609.6,$CANDY,599,17,0,3,0
00062,10:08:49,4922.89355,1459.86743,12729.2,$CANDY,599,17,0,3,0
00063,10:09:05,4922.75439,1500.14429,12845.0,$CANDY,599,17,0,3,0
00064,10:09:21,4922.57812,1500.45105,12971.1,$CANDY,599,17,0,3,0
00065,10:09:38,4922.42383,1500.77246,13100.5,$CANDY,599,17,0,3,0
00066,10:09:54,4922.25195,1501.04712,13220.5,$CANDY,599,17,0,3,0
00067,10:10:10,4922.07324,1501.24402,13316.4,$CANDY,599,17,0,3,0
00068,10:10:26,4921.95166,1501.46655,13437.7,$CANDY,599,17,0,3,0
00069,10:10:42,4921.83447,1501.68237,13523.7,$CANDY,599,17,0,3,0
00070,10:10:59,4921.70312,01501.89661,13630.8,$CANDY,24960,18373,52640,17817,48305
00071,10:10:59,4921.70312,01501.89661,13630.8,$CANDY,24960,18373,52640,17817,48305
00072,10:10:59,4921.70312,01501.89661,13630.8,$CANDY,599,17,0,3,0
00073,10:11:15,4921.60986,1502.09717,13732.8,$CANDY,599,17,0,3,0
00074,10:11:31,4921.49902,01502.30115,13852.7,$CANDY,599,17,0,3,0
00075,10:11:47,4921.43896,1502.53223,13956.4,$CANDY,599,17,0,3,0
00076,10:12:03,4921.30127,1502.74805,14061.7,$CANDY,599,17,0,3,0
00077,10:12:20,4921.22949,01502.92639,14184.8,$CANDY,599,17,0,3,0
00078,10:12:36,4921.14111,01503.10901,14298.8,$CANDY,599,17,0,3,0
00079,10:12:52,4921.09375,1503.31934,14417.9,$CANDY,599,17,0,3,0
00080,10:13:08,4921.01855,1503.55652,14534.2,$CANDY,599,17,0,3,0
00081,10:13:25,4920.95312,1503.73315,14662.5,$CANDY,599,17,0,3,0
00082,10:13:41,4920.89600,1503.93567,14771.3,$CANDY,599,17,0,3,0
00083,10:13:57,4920.80811,1504.10681,14873.7,$CANDY,599,17,0,3,0
00084,10:14:13,4920.73828,1504.28223,15010.9,$CANDY,599,17,0,3,0
00085,10:14:29,4920.67041,1504.45862,15120.6,$CANDY,599,17,0,3,0
00086,10:14:46,4920.55176,1504.61987,15265.0,$CANDY,599,17,0,3,0
00087,10:15:02,4920.42529,1504.72681,15393.0,$CANDY,599,17,0,3,0
00088,10:15:18,4920.35596,1504.85046,15499.8,$CANDY,599,17,0,3,0
00089,10:15:34,4920.28320,1505.01221,15595.5,$CANDY,599,17,0,3,0
00090,10:15:50,4920.19385,01505.23938,15729.5,$CANDY,599,17,0,3,0
00091,10:16:07,4920.12305,1505.39014,15807.1,$CANDY,599,17,0,3,0
00092,10:16:23,4920.04199,01505.59961,15926.1,$CANDY,599,17,0,3,0
00093,10:16:39,4919.96143,01505.84460,16043.2,$CANDY,599,17,0,3,0
00094,10:16:55,4919.88574,1506.08923,16176.3,$CANDY,599,17,0,3,0
00095,10:17:12,4919.85254,1506.33276,16299.3,$CANDY,599,17,0,3,0
00096,10:17:28,4919.78125,1506.47229,16438.7,$CANDY,599,17,0,3,0
00097,10:17:44,4919.70850,01506.61584,16549.5,$CANDY,599,17,0,3,0
00098,10:18:00,4919.63574,01506.73413,16676.9,$CANDY,599,17,0,3,0
00099,10:18:16,4919.54932,01506.85388,16797.5,$CANDY,599,17,0,3,0
00100,10:18:33,4919.44873,1506.94092,16913.6,$CANDY,599,17,0,3,0
00101,10:18:49,4919.38232,01507.05701,17020.4,$CANDY,599,17,0,3,0
00102,10:19:05,4919.29492,1507.21729,17156.5,$CANDY,599,17,0,3,0
00103,10:19:21,4919.22754,1507.31726,17268.7,$CANDY,599,17,0,3,0
00104,10:19:37,4919.14600,01507.37964,17390.6,$CANDY,599,17,0,3,0
00105,10:19:54,4919.07861,01507.44702,17521.5,$CANDY,599,17,0,3,0
00106,10:20:10,4919.04932,01507.47168,17599.7,$CANDY,599,17,0,3,0
00107,10:20:26,4919.02686,01507.45532,17513.7,$CANDY,599,17,0,3,0
00108,10:20:42,4918.99707,01507.57568,17659.5,$CANDY,599,17,0,3,0
00109,10:20:59,4918.97803,01507.75183,17840.2,$CANDY,599,17,0,3,0
00110,10:21:15,4918.91602,01507.85742,18075.2,$CANDY,599,17,0,3,0
00111,10:21:31,4918.85010,01507.96155,18258.5,$CANDY,599,17,0,3,0
00112,10:21:47,4918.80420,01508.05957,18390.0,$CANDY,599,17,0,3,0
00113,10:22:03,4918.75488,1508.20483,18505.2,$CANDY,599,17,0,3,0
00114,10:22:20,4918.65820,01508.36047,18631.9,$CANDY,599,17,0,3,0
00115,10:22:36,4918.54980,1508.52551,18748.0,$CANDY,599,17,0,3,0
00116,10:22:52,4918.42725,01508.64331,18874.2,$CANDY,599,17,0,3,0
00117,10:23:08,4918.34375,01508.69556,19011.7,$CANDY,599,17,0,3,0
00118,10:23:24,4918.31592,01508.72351,18991.0,$CANDY,599,17,0,3,0
00119,10:23:41,4918.25098,01508.68384,19207.6,$CANDY,599,17,0,3,0
00120,10:23:57,4918.24658,01508.66125,19368.0,$CANDY,599,17,0,3,0
00121,10:24:13,4918.22852,01508.65833,19517.1,$CANDY,599,17,0,3,0
00122,10:24:29,4918.20605,1508.73389,19645.9,$CANDY,599,17,0,3,0
00123,10:24:46,4918.17529,01508.80994,19784.8,$CANDY,599,17,0,3,0
00124,10:25:02,4918.11426,01508.89331,19884.9,$CANDY,599,17,0,3,0
00125,10:25:18,4918.04443,01508.92249,19992.3,$CANDY,599,17,0,3,0
00126,10:25:34,4917.99170,01508.95630,20088.9,$CANDY,599,17,0,3,0
00127,10:25:50,4917.91748,01508.95227,20229.0,$CANDY,599,17,0,3,0
00128,10:26:07,4917.86328,01508.95386,20352.7,$CANDY,599,17,0,3,0
00129,10:26:23,4917.83594,01508.94592,20452.6,$CANDY,599,17,0,3,0
00130,10:26:39,4917.82471,01508.96997,20580.9,$CANDY,599,17,0,3,0
00131,10:26:55,4917.80518,01508.99146,20709.2,$CANDY,599,17,0,3,0
00132,10:27:11,4917.80176,01509.02563,20830.7,$CANDY,599,17,0,3,0
00133,10:27:28,4917.79980,01509.07617,20991.8,$CANDY,599,17,0,3,0
00134,10:27:44,4917.79736,01509.10364,21096.8,$CANDY,599,17,0,3,0
00135,10:28:16,4917.77588,01509.17078,21251.8,$CANDY,599,17,0,3,0
00136,10:28:33,4917.74268,01509.17249,21429.4,$CANDY,599,17,0,3,0
00137,10:28:49,4917.69678,01509.24023,21618.7,$CANDY,599,17,0,3,0
00138,10:29:05,4917.64551,01509.32336,21770.8,$CANDY,599,17,0,3,0
00139,10:29:21,4917.56250,01509.42578,21857.6,$CANDY,599,17,0,3,0
00140,10:29:37,4917.47705,01509.47583,22006.0,$CANDY,599,17,0,3,0
00141,10:29:54,4917.42334,01509.50159,22110.8,$CANDY,599,17,0,3,0
00142,10:30:10,4917.35693,01509.51599,22223.5,$CANDY,599,17,0,3,0
00143,10:30:26,4917.31348,01509.54248,22381.6,$CANDY,599,17,0,3,0
00144,10:30:42,4917.26221,01509.54443,22501.3,$CANDY,599,17,0,3,0
00145,10:30:58,4917.22949,01509.53369,22626.6,$CANDY,599,17,0,3,0
00146,10:31:15,4917.18066,01509.58838,22779.4,$CANDY,599,17,0,3,0
00147,10:31:31,4917.11670,01509.64075,22910.2,$CANDY,599,17,0,3,0
00148,10:31:47,4917.04199,01509.67358,23038.2,$CANDY,599,17,0,3,0
00149,10:32:03,4916.97607,01509.69263,23159.6,$CANDY,599,17,0,3,0
00150,10:32:20,4916.93164,01509.69910,23303.0,$CANDY,599,17,0,3,0
00151,10:32:36,4916.86133,01509.69702,23423.9,$CANDY,599,17,0,3,0
00152,10:32:52,4916.80908,01509.68994,23549.7,$CANDY,599,17,0,3,0
00153,10:33:08,4916.77490,01509.67834,23671.6,$CANDY,599,17,0,3,0
00154,10:33:24,4916.75293,01509.66638,23809.8,$CANDY,599,17,0,3,0
00155,10:33:57,4916.74902,01509.63330,24073.3,$CANDY,599,17,0,3,0
00156,10:34:13,4916.75684,01509.65247,24228.2,$CANDY,599,17,0,3,0
00157,10:34:29,4916.74268,01509.67175,24354.1,$CANDY,599,17,0,3,0
00158,10:34:45,4916.73047,01509.72375,24479.3,$CANDY,599,17,0,3,0
00159,10:35:02,4916.70850,01509.79077,24603.0,$CANDY,599,17,0,3,0
00160,10:35:18,4916.69531,01509.87891,24534.9,$CANDY,599,17,0,3,0
00161,10:35:34,4916.63525,01510.00098,24644.7,$CANDY,599,17,0,3,0
00162,10:35:50,4916.60645,01510.05298,24795.4,$CANDY,599,17,0,3,0
00163,10:36:07,4916.58691,01510.11938,25088.9,$CANDY,599,17,0,3,0
00164,10:36:23,4916.60938,01510.18762,25245.7,$CANDY,599,17,0,3,0
00165,10:36:39,4916.60400,01510.27258,25393.5,$CANDY,599,17,0,3,0
00166,10:36:55,4916.60010,01510.37585,25551.3,$CANDY,599,17,0,3,0
00167,10:37:11,4916.58057,01510.44580,25686.2,$CANDY,599,17,0,3,0
00168,10:37:28,4916.51709,01510.50464,25850.7,$CANDY,599,17,0,3,0
00169,10:37:44,4916.43164,01510.56396,25983.3,$CANDY,599,17,0,3,0
00170,10:38:00,4916.35254,01510.61328,26090.4,$CANDY,599,17,0,3,0
00171,10:38:16,4916.26904,01510.60681,26226.4,$CANDY,599,17,0,3,0
00172,10:38:32,4916.26172,01510.61560,26334.6,$CANDY,599,17,0,3,0
00173,10:38:49,4916.24756,01510.60400,26500.5,$CANDY,599,17,0,3,0
00174,10:39:05,4916.24316,01510.54944,26629.7,$CANDY,599,17,0,3,0
00175,10:39:21,4916.23633,01510.55164,26594.0,$CANDY,599,17,0,3,0
00176,10:39:37,4916.25195,01510.50610,26774.9,$CANDY,599,17,0,3,0
00177,10:39:54,4916.22266,01510.52039,26996.8,$CANDY,599,17,0,3,0
00178,10:40:26,4916.12354,01510.52014,27254.7,$CANDY,599,17,0,3,0
00179,10:40:42,4916.06592,01510.52429,27433.3,$CANDY,599,17,0,3,0
00180,10:40:58,4916.07568,01510.53931,27573.0,$CANDY,599,17,0,3,0
00181,10:41:31,4916.12109,01510.53223,27759.5,$CANDY,599,17,0,3,0
00182,10:41:47,4916.16211,01510.52356,27961.0,$CANDY,599,17,0,3,0
00183,10:42:03,4916.26025,01510.44238,27943.6,$CANDY,599,17,0,3,0
00184,10:42:19,4916.18164,01510.62024,28271.9,$CANDY,599,17,0,3,0
00185,10:42:36,4916.24756,01510.68945,28405.0,$CANDY,599,17,0,3,0
00186,10:42:52,4916.24658,01510.78845,28546.7,$CANDY,599,17,0,3,0
00187,10:43:08,4916.25977,01510.87085,28532.8,$CANDY,599,17,0,3,0
00188,10:43:24,4916.26953,01510.93933,28509.9,$CANDY,599,17,0,3,0
00189,10:43:41,4916.29883,01510.91492,28812.8,$CANDY,599,17,0,3,0
00190,10:43:57,4916.31689,01510.97229,29094.8,$CANDY,599,17,0,3,0
00191,10:44:13,4916.35547,01511.07617,29226.3,$CANDY,599,17,0,3,0
00192,10:44:45,4916.36719,01511.32581,29577.8,$CANDY,599,17,0,3,0
00193,10:45:18,4916.32666,01511.52942,29911.3,$CANDY,599,17,0,3,0
00194,10:45:34,4916.32617,01511.61218,30060.1,$CANDY,599,17,0,3,0
00195,10:45:50,4916.33887,01511.73096,30170.1,$CANDY,599,17,0,3,0
00196,10:46:06,4916.36230,01511.84534,30330.9,$CANDY,599,17,0,3,0
00197,10:46:23,4916.40186,01511.99902,30525.3,$CANDY,599,17,0,3,0
00198,10:46:39,4916.41064,01512.09521,30694.4,$CANDY,599,17,0,3,0
00199,10:46:55,4916.42773,01512.24048,30831.4,$CANDY,599,17,0,3,0
00200,10:47:11,4916.43359,01512.36133,30962.9,$CANDY,599,17,0,3,0
00201,10:47:27,4916.41260,01512.43994,31115.9,$CANDY,599,17,0,3,0
00202,10:47:44,4916.42285,01512.60071,31272.8,$CANDY,599,17,0,3,0
00203,10:48:00,4916.39941,01512.73718,31400.4,$CANDY,599,17,0,3,0
00204,10:48:16,4916.39941,01512.73718,31400.4,$CANDY,599,17,0,3,0
00205,10:48:32,4916.39941,01512.73718,31400.4,$CANDY,599,17,0,3,0
00206,10:48:49,4916.39941,01512.73718,31400.4,$CANDY,599,17,0,3,0
00207,10:49:05,4916.39941,01512.73718,31400.4,$CANDY,599,17,0,3,0
00208,10:49:21,4916.39941,01512.73718,31400.4,$CANDY,599,17,0,3,0
00209,10:49:37,4916.39941,01512.73718,31400.4,$CANDY,599,17,0,3,0
00210,10:49:54,4916.39941,01512.73718,31400.4,$CANDY,599,17,0,3,0
00211,10:50:10,4916.44482,01513.30212,26353.5,$CANDY,599,17,0,3,0
00212,10:50:26,4916.39111,01513.30774,25842.9,$CANDY,599,17,0,3,0
00213,10:50:42,4916.34717,01513.37427,25356.8,$CANDY,599,17,0,3,0
00214,10:50:58,4916.33447,01513.43640,24876.9,$CANDY,599,17,0,3,0
00215,10:51:14,4916.29541,01513.49231,24416.3,$CANDY,599,17,0,3,0
00216,10:51:31,4916.28955,01513.53271,23944.6,$CANDY,599,17,0,3,0
00217,10:51:47,4916.28076,01513.52136,23506.7,$CANDY,599,17,0,3,0
00218,10:52:03,4916.23486,01513.53137,23085.6,$CANDY,599,17,0,3,0
00219,10:52:19,4916.17529,01513.56519,22676.2,$CANDY,599,17,0,3,0
00220,10:52:36,4916.13232,01513.57434,22256.7,$CANDY,599,17,0,3,0
00221,10:52:52,4916.06250,01513.57349,21862.0,$CANDY,599,17,0,3,0
00222,10:53:08,4915.97559,01513.63330,21525.6,$CANDY,599,17,0,3,0
00223,10:53:24,4915.97559,01513.63330,21525.6,$CANDY,599,17,0,3,0
00224,10:53:41,4915.97559,01513.63330,21525.6,$CANDY,599,17,0,3,0
00225,10:53:57,4915.97559,01513.63330,21525.6,$CANDY,599,17,0,3,0
00226,10:54:13,4915.97559,01513.63330,21525.6,$CANDY,599,17,0,3,0
00227,10:54:29,4915.97559,01513.63330,21525.6,$CANDY,599,17,0,3,0
00228,10:54:45,4915.97559,01513.63330,21525.6,$CANDY,599,17,0,3,0
00229,10:55:02,4915.97559,01513.63330,21525.6,$CANDY,599,17,0,3,0
00230,10:55:18,4915.97559,01513.63330,21525.6,$CANDY,599,17,0,3,0
00231,10:55:34,4915.97559,01513.63330,21525.6,$CANDY,599,17,0,3,0
00232,10:55:50,4915.97559,01513.63330,21525.6,$CANDY,599,17,0,3,0
00233,10:56:06,4915.97559,01513.63330,21525.6,$CANDY,599,17,0,3,0
00234,10:56:23,4915.97559,01513.63330,21525.6,$CANDY,599,17,0,3,0
00235,10:56:39,4915.97559,01513.63330,21525.6,$CANDY,599,17,0,3,0
00236,10:56:55,4915.97559,01513.63330,21525.6,$CANDY,599,17,0,3,0
00237,10:57:11,4915.97559,01513.63330,21525.6,$CANDY,599,17,0,3,0
00238,10:57:28,4915.97559,01513.63330,21525.6,$CANDY,599,17,0,3,0
00239,10:57:44,4915.97559,01513.63330,21525.6,$CANDY,599,17,0,3,0
00240,10:58:00,4915.97559,01513.63330,21525.6,$CANDY,599,17,0,3,0
00241,10:58:16,4915.97559,01513.63330,21525.6,$CANDY,599,17,0,3,0
00242,10:58:32,4915.97559,01513.63330,21525.6,$CANDY,599,17,0,3,0
00243,10:58:49,4915.97559,01513.63330,21525.6,$CANDY,599,17,0,3,0
00244,10:59:05,4915.97559,01513.63330,21525.6,$CANDY,599,17,0,3,0
00245,10:59:21,4915.97559,01513.63330,21525.6,$CANDY,599,17,0,3,0
00246,10:59:37,4915.97559,01513.63330,21525.6,$CANDY,599,17,0,3,0
00247,10:59:53,4915.97559,01513.63330,21525.6,$CANDY,599,17,0,3,0
00248,11:00:10,4915.97559,01513.63330,21525.6,$CANDY,599,17,0,3,0
00249,11:00:26,4915.97559,01513.63330,21525.6,$CANDY,599,17,0,3,0
00250,11:00:42,4915.97559,01513.63330,21525.6,$CANDY,599,17,0,3,0
00251,11:00:58,4915.97559,01513.63330,21525.6,$CANDY,599,17,0,3,0
00252,11:01:14,4915.97559,01513.63330,21525.6,$CANDY,599,17,0,3,0
00253,11:01:31,4915.97559,01513.63330,21525.6,$CANDY,599,17,0,3,0
00254,11:01:47,4915.97559,01513.63330,21525.6,$CANDY,599,17,0,3,0
00255,11:02:03,4915.97559,01513.63330,21525.6,$CANDY,599,17,0,3,0
00256,11:02:19,4915.97559,01513.63330,21525.6,$CANDY,599,17,0,3,0
00257,11:02:52,4915.97559,01513.63330,21525.6,$CANDY,599,17,0,3,0
00258,11:03:08,4915.97559,01513.63330,21525.6,$CANDY,599,17,0,3,0
00259,11:03:24,4915.97559,01513.63330,21525.6,$CANDY,599,17,0,3,0
00260,11:03:40,4915.97559,01513.63330,21525.6,$CANDY,599,17,0,3,0
00261,11:03:57,4915.97559,01513.63330,21525.6,$CANDY,599,17,0,3,0
00262,11:04:13,4915.97559,01513.63330,21525.6,$CANDY,599,17,0,3,0
00263,11:04:29,4915.97559,01513.63330,21525.6,$CANDY,599,17,0,3,0
00264,11:04:45,4915.97559,01513.63330,21525.6,$CANDY,599,17,0,3,0
00265,11:05:01,4915.97559,01513.63330,21525.6,$CANDY,599,17,0,3,0
00266,11:05:18,4915.97559,01513.63330,21525.6,$CANDY,599,17,0,3,0
00267,11:05:34,4915.97559,01513.63330,21525.6,$CANDY,599,17,0,3,0
00268,11:05:50,4915.97559,01513.63330,21525.6,$CANDY,599,17,0,3,0
00269,11:06:06,4915.97559,01513.63330,21525.6,$CANDY,599,17,0,3,0
00270,11:06:23,4915.97559,01513.63330,21525.6,$CANDY,599,17,0,3,0
00271,11:06:39,4915.97559,01513.63330,21525.6,$CANDY,599,17,0,3,0
00272,11:06:55,4915.97559,01513.63330,21525.6,$CANDY,599,17,0,3,0
00273,11:07:11,4915.97559,01513.63330,21525.6,$CANDY,599,17,0,3,0
00274,11:07:27,4915.97559,01513.63330,21525.6,$CANDY,599,17,0,3,0
00275,11:07:44,4915.97559,01513.63330,21525.6,$CANDY,599,17,0,3,0
00276,11:08:00,4915.97559,01513.63330,21525.6,$CANDY,599,17,0,3,0
00277,11:08:16,4915.97559,01513.63330,21525.6,$CANDY,599,17,0,3,0
00278,11:08:32,4915.97559,01513.63330,21525.6,$CANDY,599,17,0,3,0
00279,11:08:49,4915.97559,01513.63330,21525.6,$CANDY,599,17,0,3,0
00280,11:09:05,4915.97559,01513.63330,21525.6,$CANDY,599,17,0,3,0
00281,11:09:21,4915.97559,01513.63330,21525.6,$CANDY,599,17,0,3,0
00282,11:09:37,4915.97559,01513.63330,21525.6,$CANDY,599,17,0,3,0
00283,11:09:53,4915.97559,01513.63330,21525.6,$CANDY,599,17,0,3,0
00284,11:10:10,4915.97559,01513.63330,21525.6,$CANDY,599,17,0,3,0
00285,11:10:26,4915.97559,01513.63330,21525.6,$CANDY,599,17,0,3,0
00286,11:10:42,4915.97559,01513.63330,21525.6,$CANDY,599,17,0,3,0
00287,11:10:58,4915.97559,01513.63330,21525.6,$CANDY,599,17,0,3,0
00288,11:11:14,4915.97559,01513.63330,21525.6,$CANDY,599,17,0,3,0
00289,11:11:31,4915.97559,01513.63330,21525.6,$CANDY,599,17,0,3,0
00290,11:11:47,4915.97559,01513.63330,21525.6,$CANDY,599,17,0,3,0
00291,11:12:03,4915.97559,01513.63330,21525.6,$CANDY,599,17,0,3,0
00292,11:12:19,4915.97559,01513.63330,21525.6,$CANDY,599,17,0,3,0
00293,11:12:35,4915.97559,01513.63330,21525.6,$CANDY,599,17,0,3,0
00294,11:12:52,4915.97559,01513.63330,21525.6,$CANDY,599,17,0,3,0
00295,11:13:08,4915.97559,01513.63330,21525.6,$CANDY,599,17,0,3,0
00296,11:13:24,4915.97559,01513.63330,21525.6,$CANDY,599,17,0,3,0
00297,11:13:40,4915.97559,01513.63330,21525.6,$CANDY,599,17,0,3,0
00298,11:13:56,4915.97559,01513.63330,21525.6,$CANDY,599,17,0,3,0
00299,11:14:13,4915.97559,01513.63330,21525.6,$CANDY,599,17,0,3,0
00300,11:14:29,4915.97559,01513.63330,21525.6,$CANDY,599,17,0,3,0
00301,11:14:45,4915.97559,01513.63330,21525.6,$CANDY,599,17,0,3,0
00302,11:15:01,4915.97559,01513.63330,21525.6,$CANDY,599,17,0,3,0
00303,11:15:18,4915.97559,01513.63330,21525.6,$CANDY,599,17,0,3,0
00304,11:15:34,4915.97559,01513.63330,21525.6,$CANDY,599,17,0,3,0
00305,11:15:50,4915.97559,01513.63330,21525.6,$CANDY,599,17,0,3,0
00306,11:16:06,4915.97559,01513.63330,21525.6,$CANDY,599,17,0,3,0
00307,11:16:22,4915.97559,01513.63330,21525.6,$CANDY,599,17,0,3,0
00308,11:16:39,4915.97559,01513.63330,21525.6,$CANDY,599,17,0,3,0
00309,11:16:55,4915.97559,01513.63330,21525.6,$CANDY,599,17,0,3,0
00310,11:17:11,4915.97559,01513.63330,21525.6,$CANDY,599,17,0,3,0
00311,11:17:27,4915.97559,01513.63330,21525.6,$CANDY,599,17,0,3,0
00312,11:17:43,4915.97559,01513.63330,21525.6,$CANDY,599,17,0,3,0
00313,11:18:00,4915.97559,01513.63330,21525.6,$CANDY,599,17,0,3,0
00314,11:18:16,4915.97559,01513.63330,21525.6,$CANDY,599,17,0,3,0
00315,11:18:32,4915.97559,01513.63330,21525.6,$CANDY,599,17,0,3,0
00316,11:18:48,4915.97559,01513.63330,21525.6,$CANDY,599,17,0,3,0
00317,11:19:05,4915.97559,01513.63330,21525.6,$CANDY,599,17,0,3,0
00318,11:19:21,4915.97559,01513.63330,21525.6,$CANDY,599,17,0,3,0
00319,11:19:37,4915.97559,01513.63330,21525.6,$CANDY,599,17,0,3,0
00320,11:19:53,4915.97559,01513.63330,21525.6,$CANDY,599,17,0,3,0
00321,11:20:09,4915.97559,01513.63330,21525.6,$CANDY,599,17,0,3,0
00322,11:20:26,4915.97559,01513.63330,21525.6,$CANDY,599,17,0,3,0
00323,11:20:42,4915.97559,01513.63330,21525.6,$CANDY,599,17,0,3,0
00324,11:20:58,4915.97559,01513.63330,21525.6,$CANDY,599,17,0,3,0
00325,11:21:14,4915.97559,01513.63330,21525.6,$CANDY,599,17,0,3,0
00326,11:21:30,4915.97559,01513.63330,21525.6,$CANDY,599,17,0,3,0
00327,11:21:47,4915.97559,01513.63330,21525.6,$CANDY,599,17,0,3,0
00328,11:22:03,4915.97559,01513.63330,21525.6,$CANDY,599,17,0,3,0
00329,11:22:19,4915.97559,01513.63330,21525.6,$CANDY,599,17,0,3,0
00330,11:22:35,4915.97559,01513.63330,21525.6,$CANDY,599,17,0,3,0
00331,11:22:51,4900.67920,01552.81970,2343.5,$CANDY,599,17,0,3,0
00332,11:23:08,4900.49121,01553.07935,2245.1,$CANDY,599,17,0,3,0
00333,11:23:24,4900.33252,01553.33228,2137.8,$CANDY,599,17,0,3,0
00334,11:23:40,4900.26123,01553.46631,2082.3,$CANDY,599,17,0,3,0
00335,11:23:56,4900.13184,01553.67102,1989.6,$CANDY,599,17,0,3,0
00336,11:24:13,4859.95801,01553.97559,1828.5,$CANDY,599,17,0,3,0
00337,11:24:45,4859.73486,01554.49829,1609.3,$CANDY,599,17,0,3,0
00338,11:25:17,4859.63525,01555.06909,1545.8,$CANDY,599,17,0,3,0
00339,11:25:34,4859.53418,01555.51050,1324.9,$CANDY,599,17,0,3,0
00340,11:25:50,4859.51465,01555.72742,1254.3,$CANDY,599,17,0,3,0
00341,11:26:06,4859.48975,01556.00183,1178.8,$CANDY,599,17,0,3,0
00342,11:26:22,4859.47754,01556.12695,1139.2,$CANDY,599,17,0,3,0
00343,11:27:43,4859.40967,01557.38196,625.3,$CANDY,599,17,0,3,0
