Entry_id,Time,Latitude,Longtitude,Altitude,Candy__detector_data,,,,,
00000,11:15:22,5008.38525,01428.42761,340.3,$CANDY,0,0,0,0,0
00001,11:15:38,5008.38477,01428.42712,338.4,$CANDY,0,0,0,0,0
00002,11:15:55,5008.38379,01428.42749,338.1,$CANDY,0,0,0,0,0
00003,11:16:11,5008.38379,01428.42993,336.5,$CANDY,0,0,0,0,0
00004,11:16:27,5008.38379,01428.42993,336.0,$CANDY,0,0,0,0,0
00005,11:16:43,5008.38379,01428.43079,335.7,$CANDY,0,0,0,0,0
00006,11:16:59,5008.38281,01428.43127,336.2,$CANDY,0,0,0,0,0
00007,11:17:16,5008.38330,01428.43127,337.6,$CANDY,0,0,0,0,0
00008,11:17:32,5008.38330,01428.43066,336.5,$CANDY,0,0,0,0,0
