Entry_id,Time,Latitude,Longtitude,Altitude,Candy__detector_data,,,,,
00000,09:50:26,4936.94727,1423.97107,5554.3,$CANDY,599,17,0,3,0
00001,09:50:43,4936.79688,1424.45618,5657.2,$CANDY,599,17,0,3,0
00002,09:51:15,4936.46777,1425.37769,5856.6,$CANDY,599,17,0,3,0
00003,09:51:31,4936.31104,1425.87207,5961.9,$CANDY,599,17,0,3,0
00004,09:52:20,4935.75928,1427.37122,6257.4,$CANDY,599,17,0,3,0
00005,09:52:36,4935.58008,01427.86719,6351.6,$CANDY,599,17,0,3,0
00006,09:52:52,4935.40039,01428.35010,6454.4,$CANDY,599,17,0,3,0
00007,09:53:08,4935.22314,1428.86890,6552.0,$CANDY,599,17,0,3,0
00008,09:53:25,4935.03906,1429.44373,6652.4,$CANDY,599,17,0,3,0
00009,09:53:57,4934.66455,1430.54700,6852.7,$CANDY,599,17,0,3,0
00010,09:54:13,4934.47607,1431.08948,6950.9,$CANDY,599,17,0,3,0
00011,09:54:30,4934.28906,1431.68079,7049.3,$CANDY,599,17,0,3,0
00012,09:54:46,4934.11621,1432.21082,7154.5,$CANDY,599,17,0,3,0
00013,09:55:18,4933.75586,1433.28040,7330.9,$CANDY,599,17,0,3,0
00014,09:55:34,4933.62793,1433.81104,7424.8,$CANDY,599,17,0,3,0
00015,09:56:07,4933.31592,1434.86694,7626.1,$CANDY,599,17,0,3,0
00016,09:56:23,4933.18311,1435.37207,7722.1,$CANDY,599,17,0,3,0
00017,09:56:39,4933.04199,1435.88025,7818.0,$CANDY,599,17,0,3,0
00018,09:56:56,4932.86523,1436.40161,7920.7,$CANDY,599,17,0,3,0
00019,09:57:12,4932.69727,1436.92834,8033.1,$CANDY,599,17,0,3,0
00020,09:57:28,4932.53174,1437.43030,8135.7,$CANDY,599,17,0,3,0
00021,09:57:44,4932.36133,1437.91736,8239.0,$CANDY,599,17,0,3,0
00022,09:58:00,4932.20605,1438.37927,8352.9,$CANDY,599,17,0,3,0
00023,09:58:33,4931.80615,1439.41418,8564.2,$CANDY,599,17,0,3,0
00024,09:58:49,4931.61475,01439.90344,8681.3,$CANDY,599,17,0,3,0
00025,09:59:05,4931.38916,1440.42188,8801.7,$CANDY,599,17,0,3,0
00026,09:59:21,4931.16504,1440.98901,8905.0,$CANDY,599,17,0,3,0
00027,09:59:38,4930.90381,1441.61279,9023.9,$CANDY,599,17,0,3,0
00028,10:00:26,4930.17969,01443.38025,9313.2,$CANDY,599,17,0,3,0
00029,10:01:31,4929.22119,1446.02917,9762.8,$CANDY,599,17,0,3,0
00030,10:01:47,4928.96045,1446.66504,9875.0,$CANDY,599,17,0,3,0
00031,10:02:04,4928.69580,1447.34729,9991.8,$CANDY,599,17,0,3,0
00032,10:02:20,4928.43848,1447.99329,10084.9,$CANDY,599,17,0,3,0
00033,10:03:41,4927.19434,1451.20959,10588.7,$CANDY,599,17,0,3,0
00034,10:03:57,4926.91406,1451.79651,10686.5,$CANDY,599,17,0,3,0
00035,10:04:13,4926.62598,1452.37207,10769.7,$CANDY,599,17,0,3,0
00036,10:04:13,4926.62598,1452.37207,10769.7,$CANDY,599,17,0,3,0
00037,-61150820.00,   0.00000,2892611022928939310877128775669121024.00000,-1608.0,$CANDY,599,17,0,3,0
00038,10:05:34,4925.26953,1454.84460,11322.3,$CANDY,599,17,0,3,0
00039,10:05:51,4925.06299,01455.34631,11436.1,$CANDY,599,17,0,3,0
00040,10:06:07,4924.90576,1455.81140,11538.0,$CANDY,599,17,0,3,0
00041,10:06:23,4924.72363,1456.30396,11678.7,$CANDY,599,17,0,3,0
00042,10:06:39,4924.53809,1456.81580,11787.2,$CANDY,599,17,0,3,0
00043,10:06:55,4924.29150,1457.35095,11892.2,$CANDY,599,17,0,3,0
00044,10:07:12,4923.97217,1457.84631,11991.4,$CANDY,599,17,0,3,0
00045,10:07:28,4923.68311,1458.23486,12109.7,$CANDY,599,17,0,3,0
00046,10:07:44,4923.44189,1458.60254,12239.2,$CANDY,599,17,0,3,0
00047,00:00:00,232237139999012876713984.00000,   0.00000,-1856.0,$CANDY,599,17,0,3,0
00048,10:08:33,4922.98975,1459.59399,12609.6,$CANDY,599,17,0,3,0
00049,10:08:49,4922.89355,1459.86743,12729.2,$CANDY,599,17,0,3,0
00050,10:09:05,4922.75439,1500.14429,12845.0,$CANDY,599,17,0,3,0
00051,10:09:54,4922.25195,1501.04712,13220.5,$CANDY,599,17,0,3,0
00052,10:10:10,4922.07324,1501.24402,13316.4,$CANDY,599,17,0,3,0
00053,10:10:26,4921.95166,1501.46655,13437.7,$CANDY,599,17,0,3,0
00054,10:10:42,4921.83447,1501.68237,13523.7,$CANDY,599,17,0,3,0
00055,10:12:03,4921.30127,1502.74805,14061.7,$CANDY,599,17,0,3,0
00056,10:12:52,4921.09375,1503.31934,14417.9,$CANDY,599,17,0,3,0
00057,10:14:46,4920.55176,1504.61987,15265.0,$CANDY,599,17,0,3,0
00058,00:00:00.060000,   0.00000,   0.00000,-12608.2,$CANDY,599,17,0,3,0
00059,10:16:55,4919.88574,1506.08923,16176.3,$CANDY,599,17,0,3,0
00060,10:17:12,4919.85254,1506.33276,16299.3,$CANDY,599,17,0,3,0
00061,10:17:28,4919.78125,1506.47229,16438.7,$CANDY,599,17,0,3,0
00062,10:18:16,4919.54932,01506.85388,16797.5,$CANDY,599,17,0,3,0
00063,10:18:33,4919.44873,1506.94092,16913.6,$CANDY,599,17,0,3,0
00064,10:19:21,4919.22754,1507.31726,17268.7,$CANDY,599,17,0,3,0
00065,10:19:37,4919.14600,01507.37964,17390.6,$CANDY,599,17,0,3,0
00066,10:20:10,4919.04932,01507.47168,17599.7,$CANDY,599,17,0,3,0
00067,10:20:26,4919.02686,01507.45532,17513.7,$CANDY,599,17,0,3,0
00068,10:20:42,4918.99707,01507.57568,17659.5,$CANDY,599,17,0,3,0
00069,10:20:59,4918.97803,01507.75183,17840.2,$CANDY,599,17,0,3,0
00070,10:21:47,4918.80420,01508.05957,18390.0,$CANDY,599,17,0,3,0
00071,10:22:03,4918.75488,1508.20483,18505.2,$CANDY,599,17,0,3,0
00072,10:25:50,4917.91748,01508.95227,20229.0,$CANDY,599,17,0,3,0
00073,10:27:44,4917.79736,01509.10364,21096.8,$CANDY,599,17,0,3,0
00074,00:00:00,41625506040003683233512470593142784.00000,-9448830340694016.00000,-409600.2,$CANDY,599,17,0,3,0
00075,10:28:16,4917.77588,01509.17078,21251.8,$CANDY,599,17,0,3,0
00076,10:28:33,4917.74268,01509.17249,21429.4,$CANDY,599,17,0,3,0
00077,10:28:49,4917.69678,01509.24023,21618.7,$CANDY,599,17,0,3,0
00078,10:30:26,4917.31348,01509.54248,22381.6,$CANDY,599,17,0,3,0
00079,10:30:58,4917.22949,01509.53369,22626.6,$CANDY,599,17,0,3,0
00080,10:31:47,4917.04199,01509.67358,23038.2,$CANDY,599,17,0,3,0
00081,10:32:03,4916.97607,01509.69263,23159.6,$CANDY,599,17,0,3,0
00082,10:32:20,4916.93164,01509.69910,23303.0,$CANDY,599,17,0,3,0
00083,10:32:36,4916.86133,01509.69702,23423.9,$CANDY,599,17,0,3,0
00084,10:32:52,4916.80908,01509.68994,23549.7,$CANDY,599,17,0,3,0
00085,10:33:08,4916.77490,01509.67834,23671.6,$CANDY,599,17,0,3,0
00086,10:33:24,4916.75293,01509.66638,23809.8,$CANDY,599,17,0,3,0
00087,10:33:41,4916.73584,01509.63098,23954.7,$CANDY,599,17,0,3,0
00088,10:33:57,4916.74902,01509.63330,24073.3,$CANDY,599,17,0,3,0
00089,10:34:13,4916.75684,01509.65247,24228.2,$CANDY,599,17,0,3,0
00090,10:34:29,4916.74268,01509.67175,24354.1,$CANDY,599,17,0,3,0
00091,10:34:45,4916.73047,01509.72375,24479.3,$CANDY,599,17,0,3,0
00092,10:35:02,4916.70850,01509.79077,24603.0,$CANDY,599,17,0,3,0
00093,10:35:18,4916.69531,01509.87891,24534.9,$CANDY,599,17,0,3,0
00094,10:35:34,4916.63525,01510.00098,24644.7,$CANDY,599,17,0,3,0
00095,10:36:07,4916.58691,01510.11938,25088.9,$CANDY,599,17,0,3,0
00096,10:36:39,4916.60400,01510.27258,25393.5,$CANDY,599,17,0,3,0
00097,10:36:39,4916.60400,01510.27258,25393.5,$CANDY,599,17,0,3,0
00098,10:37:44,4916.43164,01510.56396,25983.3,$CANDY,599,17,0,3,0
00099,10:38:00,4916.35254,01510.61328,26090.4,$CANDY,599,17,0,3,0
00100,10:38:16,4916.26904,01510.60681,26226.4,$CANDY,599,17,0,3,0
00101,10:38:32,4916.26172,01510.61560,26334.6,$CANDY,599,17,0,3,0
00102,10:38:49,4916.24756,01510.60400,26500.5,$CANDY,599,17,0,3,0
00103,10:39:21,4916.23633,01510.55164,26594.0,$CANDY,599,17,0,3,0
00104,10:39:37,4916.25195,01510.50610,26774.9,$CANDY,599,17,0,3,0
00105,10:39:54,4916.22266,01510.52039,26996.8,$CANDY,599,17,0,3,0
00106,10:40:26,4916.12354,01510.52014,27254.7,$CANDY,599,17,0,3,0
00107,10:40:42,4916.06592,01510.52429,27433.3,$CANDY,599,17,0,3,0
00108,10:41:31,4916.12109,01510.53223,27759.5,$CANDY,599,17,0,3,0
00109,10:41:47,4916.16211,01510.52356,27961.0,$CANDY,599,17,0,3,0
00110,10:42:03,4916.26025,01510.44238,27943.6,$CANDY,599,17,0,3,0
00111,10:42:19,4916.18164,01510.62024,28271.9,$CANDY,599,17,0,3,0
00112,10:42:52,4916.24658,01510.78845,28546.7,$CANDY,599,17,0,3,0
00113,10:43:08,4916.25977,01510.87085,28532.8,$CANDY,599,17,0,3,0
00114,10:43:24,4916.26953,01510.93933,28509.9,$CANDY,599,17,0,3,0
00115,10:43:41,4916.29883,01510.91492,28812.8,$CANDY,599,17,0,3,0
00116,10:43:57,4916.31689,01510.97229,29094.8,$CANDY,599,17,0,3,0
00117,10:44:13,4916.35547,01511.07617,29226.3,$CANDY,599,17,0,3,0
00118,10:44:45,4916.36719,01511.32581,29577.8,$CANDY,599,17,0,3,0
00119,10:45:02,4916.42627,01511.42554,29617.4,$CANDY,599,17,0,3,0
00120,10:45:18,4916.32666,01511.52942,29911.3,$CANDY,599,17,0,3,0
00121,10:45:34,4916.32617,01511.61218,30060.1,$CANDY,599,17,0,3,0
00122,10:46:39,4916.41064,01512.09521,30694.4,$CANDY,599,17,0,3,0
00123,10:46:55,4916.42773,01512.24048,30831.4,$CANDY,599,17,0,3,0
00124,10:47:11,4916.43359,01512.36133,30962.9,$CANDY,599,17,0,3,0
00125,10:47:27,4916.41260,01512.43994,31115.9,$CANDY,599,17,0,3,0
00126,10:47:44,4916.42285,01512.60071,31272.8,$CANDY,599,17,0,3,0
00127,10:48:00,4916.39941,01512.73718,31400.4,$CANDY,599,17,0,3,0
00128,10:48:16,4916.39941,01512.73718,31400.4,$CANDY,599,17,0,3,0
00129,10:48:49,4916.39941,01512.73718,31400.4,$CANDY,599,17,0,3,0
00130,10:49:05,4916.39941,01512.73718,31400.4,$CANDY,599,17,0,3,0
00131,10:49:54,4916.39941,01512.73718,31400.4,$CANDY,599,17,0,3,0
00132,10:50:10,4916.44482,01513.30212,26353.5,$CANDY,599,17,0,3,0
00133,10:50:26,4916.39111,01513.30774,25842.9,$CANDY,599,17,0,3,0
00134,10:50:42,4916.34717,01513.37427,25356.8,$CANDY,599,17,0,3,0
00135,10:50:58,4916.33447,01513.43640,24876.9,$CANDY,599,17,0,3,0
00136,10:51:14,4916.29541,01513.49231,24416.3,$CANDY,599,17,0,3,0
00137,10:51:31,4916.28955,01513.53271,23944.6,$CANDY,599,17,0,3,0
00138,10:52:19,4916.17529,01513.56519,22676.2,$CANDY,599,17,0,3,0
00139,10:52:36,4916.13232,01513.57434,22256.7,$CANDY,599,17,0,3,0
00140,10:53:24,4915.97559,01513.63330,21525.6,$CANDY,599,17,0,3,0
00141,10:53:41,4915.97559,01513.63330,21525.6,$CANDY,599,17,0,3,0
00142,10:53:57,4915.97559,01513.63330,21525.6,$CANDY,599,17,0,3,0
00143,10:54:13,4915.97559,01513.63330,21525.6,$CANDY,599,17,0,3,0
00144,10:54:29,4915.97559,01513.63330,21525.6,$CANDY,599,17,0,3,0
00145,10:55:18,4915.97559,01513.63330,21525.6,$CANDY,599,17,0,3,0
00146,10:56:23,4915.97559,01513.63330,21525.6,$CANDY,599,17,0,3,0
00147,10:56:39,4915.97559,01513.63330,21525.6,$CANDY,599,17,0,3,0
00148,10:56:55,4915.97559,01513.63330,21525.6,$CANDY,599,17,0,3,0
00149,10:57:11,4915.97559,01513.63330,21525.6,$CANDY,599,17,0,3,0
00150,10:58:32,4915.97559,01513.63330,21525.6,$CANDY,599,17,0,3,0
00151,10:59:21,4915.97559,01513.63330,21525.6,$CANDY,599,17,0,3,0
00152,10:59:37,4915.97559,01513.63330,21525.6,$CANDY,599,17,0,3,0
00153,10:59:53,4915.97559,01513.63330,21525.6,$CANDY,599,17,0,3,0
00154,11:00:10,4915.97559,01513.63330,21525.6,$CANDY,599,17,0,3,0
00155,11:00:26,4915.97559,01513.63330,21525.6,$CANDY,599,17,0,3,0
00156,11:00:42,4915.97559,01513.63330,21525.6,$CANDY,599,17,0,3,0
00157,11:00:58,4915.97559,01513.63330,21525.6,$CANDY,599,17,0,3,0
00158,11:01:14,4915.97559,01513.63330,21525.6,$CANDY,599,17,0,3,0
00159,11:01:31,4915.97559,01513.63330,21525.6,$CANDY,599,17,0,3,0
00160,11:01:47,4915.97559,01513.63330,21525.6,$CANDY,599,17,0,3,0
00161,11:02:03,4915.97559,01513.63330,21525.6,$CANDY,599,17,0,3,0
00162,11:02:19,4915.97559,01513.63330,21525.6,$CANDY,599,17,0,3,0
00163,11:02:36,4915.97559,01513.63330,21525.6,$CANDY,599,17,0,3,0
00164,11:02:52,4915.97559,01513.63330,21525.6,$CANDY,599,17,0,3,0
00165,11:03:08,4915.97559,01513.63330,21525.6,$CANDY,599,17,0,3,0
00166,11:03:24,4915.97559,01513.63330,21525.6,$CANDY,599,17,0,3,0
00167,11:03:40,4915.97559,01513.63330,21525.6,$CANDY,599,17,0,3,0
00168,11:03:57,4915.97559,01513.63330,21525.6,$CANDY,599,17,0,3,0
00169,11:04:13,4915.97559,01513.63330,21525.6,$CANDY,599,17,0,3,0
00170,11:04:29,4915.97559,01513.63330,21525.6,$CANDY,599,17,0,3,0
00171,11:04:45,4915.97559,01513.63330,21525.6,$CANDY,599,17,0,3,0
00172,11:05:01,4915.97559,01513.63330,21525.6,$CANDY,599,17,0,3,0
00173,11:05:18,4915.97559,01513.63330,21525.6,$CANDY,599,17,0,3,0
00174,11:05:34,4915.97559,01513.63330,21525.6,$CANDY,599,17,0,3,0
00175,11:06:06,4915.97559,01513.63330,21525.6,$CANDY,599,17,0,3,0
00176,11:06:39,4915.97559,01513.63330,21525.6,$CANDY,599,17,0,3,0
00177,11:07:11,4915.97559,01513.63330,21525.6,$CANDY,599,17,0,3,0
00178,11:07:27,4915.97559,01513.63330,21525.6,$CANDY,599,17,0,3,0
00179,11:07:44,4915.97559,01513.63330,21525.6,$CANDY,599,17,0,3,0
00180,11:08:00,4915.97559,01513.63330,21525.6,$CANDY,599,17,0,3,0
00181,11:08:16,4915.97559,01513.63330,21525.6,$CANDY,599,17,0,3,0
00182,11:08:32,4915.97559,01513.63330,21525.6,$CANDY,599,17,0,3,0
00183,11:08:49,4915.97559,01513.63330,21525.6,$CANDY,599,17,0,3,0
00184,11:09:21,4915.97559,01513.63330,21525.6,$CANDY,599,17,0,3,0
00185,11:09:37,4915.97559,01513.63330,21525.6,$CANDY,599,17,0,3,0
00186,11:09:53,4915.97559,01513.63330,21525.6,$CANDY,599,17,0,3,0
00187,11:10:10,4915.97559,01513.63330,21525.6,$CANDY,599,17,0,3,0
00188,11:10:26,4915.97559,01513.63330,21525.6,$CANDY,599,17,0,3,0
00189,11:10:42,4915.97559,01513.63330,21525.6,$CANDY,599,17,0,3,0
00190,11:11:14,4915.97559,01513.63330,21525.6,$CANDY,599,17,0,3,0
00191,11:11:31,4915.97559,01513.63330,21525.6,$CANDY,599,17,0,3,0
00192,11:11:47,4915.97559,01513.63330,21525.6,$CANDY,599,17,0,3,0
00193,11:12:52,4915.97559,01513.63330,21525.6,$CANDY,599,17,0,3,0
00194,000790.40,   0.00000,   0.00000,-4.46846491584e+15,$CANDY,599,17,0,3,0
00195,11:14:13,4915.97559,01513.63330,21525.6,$CANDY,599,17,0,3,0
00196,11:14:45,4915.97559,01513.63330,21525.6,$CANDY,599,17,0,3,0
00197,11:15:01,4915.97559,01513.63330,21525.6,$CANDY,599,17,0,3,0
00198,11:16:55,4915.97559,01513.63330,21525.6,$CANDY,599,17,0,3,0
00199,000790.40,   0.00000,0   0.00000,0.0,$CANDY,599,17,0,3,0
00200,11:19:37,4915.97559,01513.63330,21525.6,$CANDY,599,17,0,3,0
