Entry_id,Time,Latitude,Longtitude,Altitude,Candy__detector_data,,,,,
00000,08:11:44,4943.04590,01405.86438,451.4,$CANDY,149,20,0,2,0
00001,08:11:55,4943.04443,01405.86401,463.0,$CANDY,150,0,6337,0,96
00002,08:12:06,4943.04736,01405.86584,459.4,$CANDY,151,0,6301,0,1
00003,08:12:17,4943.04980,01405.86646,453.5,$CANDY,152,21,0,1,0
00004,08:12:27,4943.05078,01405.86389,454.0,$CANDY,153,0,6339,0,2
00005,08:12:39,4943.04688,01405.86743,445.1,$CANDY,154,0,6308,0,2
00006,08:12:50,4943.04639,01405.86987,439.8,$CANDY,155,0,6301,0,0
00007,08:13:01,4943.04688,01405.86646,451.7,$CANDY,156,0,6323,0,3
00008,08:13:12,4943.04883,01405.86426,450.7,$CANDY,157,0,6294,0,0
00009,08:13:23,4943.04932,01405.86548,451.1,$CANDY,158,21,0,1,0
00010,08:13:35,4943.04883,01405.86560,446.7,$CANDY,159,0,6347,0,1
00011,08:13:46,4943.04834,01405.86487,447.3,$CANDY,160,21,1,1,0
00012,08:13:57,4943.04883,01405.86401,445.3,$CANDY,161,22,2,1,0
00013,08:14:08,4943.05078,01405.86731,429.3,$CANDY,162,20,0,1,0
00014,08:14:20,4943.05029,01405.86694,427.6,$CANDY,163,0,6277,0,3
00015,08:14:30,4943.05127,01405.86682,432.5,$CANDY,164,0,6282,0,0
00016,08:14:41,4943.05127,01405.86621,434.8,$CANDY,165,24,0,1,0
00017,08:14:52,4943.05078,01405.86572,438.2,$CANDY,166,20,25,2,25
00018,08:15:03,4943.05078,01405.86353,434.3,$CANDY,167,0,6353,0,40
00019,08:15:15,4943.05078,01405.86340,437.3,$CANDY,168,0,6371,0,2
00020,08:15:26,4943.04932,01405.86218,440.1,$CANDY,169,0,6301,0,0
00021,08:15:37,4943.05078,01405.86353,440.4,$CANDY,170,0,6355,0,0
00022,08:15:48,4943.05273,01405.86475,435.4,$CANDY,171,0,6371,0,1
00023,08:15:59,4943.05078,01405.86462,444.8,$CANDY,172,20,1,1,1
00024,08:16:10,4943.04834,01405.86438,447.9,$CANDY,25856,18335,30819,17818,48041
00025,08:16:10,4943.04834,01405.86438,447.9,$CANDY,25856,18335,30819,17818,48041
00026,08:16:10,4943.04834,01405.86438,447.9,$CANDY,173,0,6312,0,0
00027,08:16:21,4943.04639,01405.86487,437.7,$CANDY,174,21,0,1,0
00028,08:16:32,4943.04492,01405.86548,440.7,$CANDY,175,0,6367,0,0
00029,08:16:43,4943.04443,01405.86597,441.7,$CANDY,176,0,6350,0,0
00030,08:16:55,4943.04639,01405.86536,441.9,$CANDY,177,0,6305,0,2
00031,08:17:06,4943.04736,01405.86743,441.5,$CANDY,178,0,6348,0,0
00032,08:17:17,4943.04443,01405.87048,438.9,$CANDY,179,0,6304,0,0
00033,08:17:28,4943.04443,01405.87268,438.9,$CANDY,180,0,6356,0,1
00034,08:17:39,4943.04688,01405.87122,439.2,$CANDY,181,0,6287,0,2
00035,08:17:51,4943.04688,01405.87292,435.0,$CANDY,182,22,1,2,1
00036,08:18:01,4943.04541,01405.87329,436.8,$CANDY,183,0,6298,0,121
00037,08:18:12,4943.04492,01405.87256,430.1,$CANDY,184,0,6331,0,1
00038,08:18:23,4943.04443,01405.86877,419.9,$CANDY,185,21,0,1,0
00039,08:18:34,4943.04395,01405.86609,410.0,$CANDY,186,0,6320,0,2
00040,08:18:46,4943.04346,01405.86609,407.6,$CANDY,187,0,6349,0,0
00041,08:18:57,4943.04443,01405.86829,415.8,$CANDY,188,0,6359,0,2
00042,08:19:08,4943.04639,01405.87061,425.2,$CANDY,189,19,1,4,0
00043,08:19:19,4943.04932,01405.87317,435.6,$CANDY,190,0,6303,0,2
00044,08:19:31,4943.05127,01405.87219,435.8,$CANDY,191,0,6407,0,0
00045,08:19:41,4943.05273,01405.87085,434.2,$CANDY,192,21,1,1,1
00046,08:19:52,4943.05273,01405.86938,436.6,$CANDY,4096,18336,30828,17818,48082
00047,08:19:52,4943.05273,01405.86938,436.6,$CANDY,4096,18336,30828,17818,48082
00048,08:19:52,4943.05273,01405.86938,436.6,$CANDY,193,19,0,1,0
00049,08:20:03,4943.05322,01405.86926,441.7,$CANDY,10624,18336,30829,17818,48081
00050,08:20:03,4943.05322,01405.86926,441.7,$CANDY,10624,18336,30829,17818,48081
00051,08:20:03,4943.05322,01405.86926,441.7,$CANDY,194,20,2,3,0
00052,08:20:14,4943.05518,01405.87073,453.9,$CANDY,12032,18336,30833,17818,48093
00053,08:20:14,4943.05518,01405.87073,453.9,$CANDY,12032,18336,30833,17818,48093
00054,08:20:14,4943.05518,01405.87073,453.9,$CANDY,195,20,0,2,0
00055,08:20:26,4943.05420,01405.87048,451.3,$CANDY,196,19,0,4,0
00056,08:20:37,4943.05273,01405.87012,449.5,$CANDY,197,20,3,2,0
00057,08:20:48,4943.05127,01405.87000,445.6,$CANDY,198,20,0,2,0
00058,08:20:59,4943.04932,01405.87158,449.9,$CANDY,199,0,6290,0,113
00059,08:21:10,4943.04883,01405.87097,446.0,$CANDY,200,20,1,3,0
00060,08:21:21,4943.04688,01405.87146,445.1,$CANDY,201,0,6313,0,1
00061,08:21:32,4943.04541,01405.87158,443.6,$CANDY,202,20,1,2,0
00062,08:21:43,4943.04346,01405.87036,441.2,$CANDY,203,0,6310,0,1
00063,08:21:54,4943.04150,01405.86926,436.9,$CANDY,204,19,3,6,0
00064,08:22:06,4943.04004,01405.86938,435.0,$CANDY,205,0,6255,0,2
00065,08:22:17,4943.03906,01405.86902,433.8,$CANDY,206,21,0,1,0
00066,08:22:28,4943.04053,01405.86914,432.6,$CANDY,207,18,1,10,0
00067,08:22:39,4943.04102,01405.86951,431.1,$CANDY,208,21,0,2,0
00068,08:22:50,4943.04150,01405.86951,428.7,$CANDY,209,0,6405,0,1
00069,08:23:01,4943.04346,01405.86951,425.9,$CANDY,210,20,0,2,0
00070,08:23:12,4943.04346,01405.86768,426.7,$CANDY,211,19,0,6,0
00071,08:23:23,4943.04248,01405.86548,428.8,$CANDY,212,19,0,4,0
00072,08:23:34,4943.04541,01405.86707,425.7,$CANDY,213,18,2,4,0
00073,08:23:45,4943.05029,01405.86853,426.8,$CANDY,54400,18336,30823,17818,48075
00074,08:23:45,4943.05029,01405.86853,426.8,$CANDY,54400,18336,30823,17818,48075
00075,08:23:45,4943.05029,01405.86853,426.8,$CANDY,214,21,0,1,0
00076,08:23:57,4943.05322,01405.86914,428.3,$CANDY,215,0,6266,0,76
00077,08:24:08,4943.05518,01405.86963,427.5,$CANDY,216,21,0,1,0
00078,08:24:19,4943.05371,01405.86877,431.2,$CANDY,217,19,1,4,0
00079,08:24:30,4943.05322,01405.86609,440.6,$CANDY,218,0,6324,0,1
00080,08:24:41,4943.05225,01405.86890,431.8,$CANDY,219,0,6383,0,2
00081,08:24:52,4943.05176,01405.87061,429.9,$CANDY,220,20,0,3,0
00082,08:25:03,4943.05029,01405.87109,430.6,$CANDY,221,20,0,2,0
00083,08:25:14,4943.04980,01405.87231,429.2,$CANDY,222,20,0,3,0
00084,08:25:25,4943.04932,01405.87219,431.5,$CANDY,223,19,0,2,0
00085,08:25:37,4943.05127,01405.86975,432.2,$CANDY,224,19,0,2,0
00086,08:25:48,4943.05176,01405.86792,429.6,$CANDY,225,20,0,2,0
00087,08:25:59,4943.05078,01405.86768,435.4,$CANDY,226,58,3,2,1
00088,08:26:10,4943.05029,01405.86731,441.5,$CANDY,227,22,117,2,46
00089,08:26:20,4943.04980,01405.86938,443.9,$CANDY,228,65,20,1,1
00090,08:26:32,4943.04980,01405.87122,440.0,$CANDY,229,19,0,1,0
00091,08:26:43,4943.04834,01405.87231,435.8,$CANDY,230,20,0,1,0
00092,08:26:54,4943.05322,01405.87488,441.0,$CANDY,28416,18337,30829,17818,48127
00093,08:26:54,4943.05322,01405.87488,441.0,$CANDY,28416,18337,30829,17818,48127
00094,08:26:54,4943.05322,01405.87488,441.0,$CANDY,231,20,1,1,0
00095,08:27:05,4943.05469,01405.87732,441.7,$CANDY,232,19,45,1,44
00096,08:27:17,4943.05615,01405.87988,438.6,$CANDY,233,20,0,1,0
00097,08:27:28,4943.05127,01405.88501,439.0,$CANDY,234,20,0,1,0
00098,08:27:39,4943.04443,01405.88574,441.3,$CANDY,235,20,0,1,0
00099,08:27:50,4943.03857,01405.88599,439.7,$CANDY,236,19,0,4,0
00100,08:28:01,4943.03613,01405.88623,436.6,$CANDY,237,0,6353,0,0
00101,08:28:13,4943.03418,01405.88562,425.0,$CANDY,238,18,3,6,0
00102,08:28:23,4943.03369,01405.88220,418.1,$CANDY,239,20,0,1,0
00103,08:28:34,4943.03516,01405.88098,414.3,$CANDY,240,20,0,2,0
00104,08:28:45,4943.03809,01405.87708,421.3,$CANDY,241,20,0,3,0
00105,08:28:56,4943.03809,01405.87451,425.8,$CANDY,242,21,0,1,0
00106,08:29:08,4943.03564,01405.87390,435.3,$CANDY,243,20,0,3,0
00107,08:29:19,4943.03564,01405.87329,441.7,$CANDY,244,19,0,2,0
00108,08:29:30,4943.03418,01405.87317,444.7,$CANDY,245,20,1,1,1
00109,08:29:41,4943.03223,01405.87317,448.2,$CANDY,246,19,0,2,0
00110,08:29:53,4943.03174,01405.87231,451.3,$CANDY,247,18,2,4,0
00111,08:30:03,4943.03174,01405.87158,453.2,$CANDY,248,20,97,2,97
00112,00:00:00,   0.00000,0   0.00000,0.0,$CANDY,0,0,0,0,0
00113,09:22:27,   0.00000,0   0.00000,0.0,$CANDY,31,19,14,1,6
00114,09:22:38,   0.00000,0   0.00000,0.0,$CANDY,532,17,1,2,0
00115,09:22:49,4943.04980,01405.87390,451.5,$CANDY,533,17,1,1,0
00116,09:23:00,4943.04932,01405.87195,461.2,$CANDY,534,17,0,2,0
00117,09:23:11,4943.04346,01405.87378,466.8,$CANDY,535,18,0,2,0
00118,09:23:23,4943.04053,01405.87488,464.8,$CANDY,536,17,1,4,0
00119,09:23:34,4943.03906,01405.87610,458.0,$CANDY,537,17,0,3,0
00120,09:23:45,4943.03809,01405.87646,454.7,$CANDY,538,18,1,2,0
00121,09:23:55,4943.03662,01405.87573,454.7,$CANDY,539,18,1,3,0
00122,09:24:07,4943.03564,01405.87341,463.6,$CANDY,540,17,1,3,0
00123,09:24:18,4943.04199,01405.87219,457.1,$CANDY,541,18,64,2,63
00124,09:24:29,4943.04492,01405.87683,456.3,$CANDY,542,18,0,2,0
00125,09:24:40,4943.04346,01405.87891,458.9,$CANDY,543,18,0,3,0
00126,09:24:51,4943.04346,01405.88025,455.5,$CANDY,544,17,0,2,0
00127,09:25:03,4943.04346,01405.87976,455.7,$CANDY,545,17,0,1,0
00128,09:25:14,4943.04297,01405.87927,456.6,$CANDY,546,17,2,2,0
00129,09:25:25,4943.04199,01405.87830,456.5,$CANDY,547,17,2,3,0
00130,09:25:36,4943.04199,01405.87769,453.8,$CANDY,548,17,2,1,0
00131,09:25:46,4943.04248,01405.87781,452.1,$CANDY,549,19,1,1,1
00132,09:25:58,4943.04248,1405.87744,453.5,$CANDY,550,16,1,6,0
00133,09:26:09,4943.04248,1405.87830,453.7,$CANDY,551,17,0,4,0
00134,09:26:20,4943.04248,1405.87866,454.7,$CANDY,552,18,0,1,0
00135,09:26:31,4943.04199,1405.87927,457.4,$CANDY,553,16,3,6,0
00136,09:26:43,4943.04199,1405.87891,458.9,$CANDY,554,16,1,8,0
00137,09:26:54,4943.04150,1405.87927,460.8,$CANDY,555,18,0,3,0
00138,09:27:05,4943.04102,1405.87817,462.3,$CANDY,556,17,0,3,0
00139,09:27:16,4943.04150,01405.87793,459.9,$CANDY,557,18,97,1,97
00140,09:27:26,4943.04150,1405.87817,456.3,$CANDY,558,17,2,4,1
00141,09:27:38,4943.04297,1405.87476,452.6,$CANDY,559,18,1,4,0
00142,09:27:49,4943.04395,1405.87390,445.5,$CANDY,560,17,2,4,0
00143,09:28:00,4943.04346,1405.87317,440.8,$CANDY,561,17,0,2,0
00144,09:28:11,4943.04248,1405.87085,436.4,$CANDY,562,18,0,1,0
00145,09:28:22,4943.04199,1405.87097,433.2,$CANDY,563,18,15,1,4
00146,09:28:34,4943.04150,1405.86902,434.4,$CANDY,564,18,1,2,0
00147,09:28:45,4943.04248,01405.86987,434.9,$CANDY,565,18,0,1,0
00148,09:28:56,4943.04248,1405.87000,435.7,$CANDY,566,18,0,1,0
00149,09:29:06,4943.04150,1405.86975,438.3,$CANDY,567,17,0,1,0
00150,09:29:18,4943.04150,1405.86670,438.6,$CANDY,568,16,0,5,0
00151,09:29:29,4943.04102,1405.86670,439.9,$CANDY,569,16,1,8,0
00152,09:29:40,4943.04102,1405.86719,443.9,$CANDY,570,16,1,5,1
00153,09:29:51,4943.04053,1405.86731,439.8,$CANDY,571,17,0,4,0
00154,09:30:02,4943.03809,1405.87061,431.6,$CANDY,572,17,2,5,0
00155,09:30:14,4943.03564,1405.87305,427.4,$CANDY,573,17,104,1,102
00156,09:30:25,4943.03418,1405.87390,429.8,$CANDY,574,17,0,1,0
00157,09:30:36,4943.03906,01405.87366,441.6,$CANDY,575,18,0,1,0
00158,09:30:46,4943.04199,1405.87317,447.1,$CANDY,576,18,0,2,0
00159,09:30:57,4943.04492,1405.87463,446.3,$CANDY,577,17,2,1,0
00160,09:31:09,4943.04736,01405.87854,449.4,$CANDY,578,16,0,10,0
00161,09:31:20,4943.05225,01405.88135,458.7,$CANDY,579,18,0,1,0
00162,09:31:31,4943.05225,01405.87244,459.9,$CANDY,580,17,1,2,0
00163,09:31:42,4943.05420,01405.86658,458.7,$CANDY,581,17,1,1,0
00164,09:31:54,4943.05566,1405.86230,456.8,$CANDY,582,16,0,1,0
00165,09:32:05,4943.05615,1405.86194,456.9,$CANDY,583,17,2,1,0
00166,09:32:16,4943.05664,1405.86121,456.4,$CANDY,584,16,3,3,0
00167,09:32:26,4943.05762,1405.85840,457.6,$CANDY,585,17,0,1,0
00168,09:32:37,4943.06299,01405.85254,457.6,$CANDY,586,17,1,1,0
00169,09:32:49,4943.06934,01405.84619,457.9,$CANDY,587,16,3,4,0
00170,09:33:00,4943.07422,01405.84265,458.0,$CANDY,588,17,1,1,0
00171,09:33:11,4943.08398,1405.83936,457.3,$CANDY,589,18,37,1,37
00172,09:33:22,4943.08936,1405.83215,456.7,$CANDY,590,17,0,2,0
00173,09:33:33,4943.09473,1405.82654,457.2,$CANDY,591,16,0,4,0
00174,09:33:45,4943.10059,1405.82129,457.6,$CANDY,592,17,121,5,115
00175,09:33:56,4943.10693,1405.81592,457.8,$CANDY,593,17,0,1,0
00176,09:34:07,4943.11182,1405.81091,457.7,$CANDY,594,18,0,1,0
00177,09:34:18,4943.11377,1405.80762,457.8,$CANDY,595,18,1,2,0
00178,09:34:29,4943.12061,1405.80310,458.3,$CANDY,596,18,0,1,0
00179,09:34:40,4943.12646,1405.79639,457.3,$CANDY,597,16,2,8,0
00180,09:34:51,4943.12793,01405.79492,456.8,$CANDY,598,16,0,2,0
00181,09:37:28,4943.17529,1408.40637,1241.6,$CANDY,599,17,0,3,0
00182,09:37:44,4943.11475,1408.73145,1322.9,$CANDY,599,17,0,3,0
00183,09:38:01,4943.03027,1409.04456,1409.6,$CANDY,599,17,0,3,0
00184,09:38:17,4942.91406,1409.31775,1497.3,$CANDY,599,17,0,3,0
00185,09:38:33,4942.80957,1409.57190,1600.8,$CANDY,599,17,0,3,0
00186,09:38:49,4942.69678,1409.84412,1706.3,$CANDY,599,17,0,3,0
00187,09:39:05,4942.59668,1410.07642,1805.3,$CANDY,599,17,0,3,0
00188,09:39:22,4942.47559,1410.35181,1912.0,$CANDY,599,17,0,3,0
00189,09:39:38,4942.36475,1410.61914,2009.0,$CANDY,599,17,0,3,0
00190,09:39:54,4942.24658,1410.88928,2103.6,$CANDY,599,17,0,3,0
00191,09:40:10,4942.13379,01411.19067,2195.5,$CANDY,599,17,0,3,0
00192,09:40:26,4942.00391,01411.47180,2288.0,$CANDY,599,17,0,3,0
00193,09:40:43,4941.86328,01411.77344,2381.4,$CANDY,599,17,0,3,0
00194,09:40:59,4941.71582,01412.06677,2465.8,$CANDY,599,17,0,3,0
00195,09:41:15,4941.56055,01412.35437,2551.6,$CANDY,599,17,0,3,0
00196,09:41:31,4941.40918,01412.64893,2633.2,$CANDY,599,17,0,3,0
00197,09:41:48,4941.25928,01412.96997,2722.3,$CANDY,599,17,0,3,0
00198,09:42:04,4941.09668,01413.29382,2803.6,$CANDY,599,17,0,3,0
00199,09:42:20,4940.94824,01413.61279,2880.7,$CANDY,599,17,0,3,0
00200,09:42:36,4940.82812,01413.99817,2956.6,$CANDY,599,17,0,3,0
00201,09:42:52,4940.69873,01414.38501,3040.1,$CANDY,599,17,0,3,0
00202,09:43:09,4940.57178,01414.77417,3130.3,$CANDY,599,17,0,3,0
