Entry_id,Time,Latitude,Longtitude,Altitude,Candy__detector_data,,,,,
00000,00:00:00,   0.00000,0   0.00000,0.0,$CANDY,0,0,0,0,0
00001,10:07:22,   0.00000,0   0.00000,0.0,$CANDY,0,0,0,0,0
00002,10:07:39,   0.00000,0   0.00000,0.0,$CANDY,0,0,0,0,0
00003,10:07:55,   0.00000,0   0.00000,0.0,$CANDY,0,0,0,0,0
00004,10:08:11,   0.00000,0   0.00000,0.0,$CANDY,0,0,0,0,0
00005,10:08:27,   0.00000,0   0.00000,0.0,$CANDY,0,0,0,0,0
00006,10:08:43,   0.00000,0   0.00000,0.0,$CANDY,0,0,0,0,0
00007,10:09:00,   0.00000,0   0.00000,0.0,$CANDY,0,0,0,0,0
00008,10:09:16,   0.00000,0   0.00000,0.0,$CANDY,0,0,0,0,0
00009,10:09:32,   0.00000,0   0.00000,0.0,$CANDY,0,0,0,0,0
00010,10:09:48,   0.00000,0   0.00000,0.0,$CANDY,0,0,0,0,0
00011,10:10:05,   0.00000,0   0.00000,0.0,$CANDY,0,0,0,0,0
00012,10:10:21,   0.00000,0   0.00000,0.0,$CANDY,0,0,0,0,0
00013,10:10:37,   0.00000,0   0.00000,0.0,$CANDY,0,0,0,0,0
00014,10:10:53,   0.00000,0   0.00000,0.0,$CANDY,0,0,0,0,0
00015,10:11:09,   0.00000,0   0.00000,0.0,$CANDY,0,0,0,0,0
00016,10:11:26,   0.00000,0   0.00000,0.0,$CANDY,0,0,0,0,0
00017,10:11:42,   0.00000,0   0.00000,0.0,$CANDY,0,0,0,0,0
00018,10:11:58,   0.00000,0   0.00000,0.0,$CANDY,0,0,0,0,0
00019,10:12:14,   0.00000,0   0.00000,0.0,$CANDY,0,0,0,0,0
