Entry_id,Time,Latitude,Longtitude,Altitude,Candy__detector_data,,,,,
00000,16:32:41,5006.98633,01427.66431,241.4,$CANDY,26,18,0,3,0
00001,16:32:52,5006.98535,01427.66357,244.3,$CANDY,27,19,0,1,0
00002,16:33:03,5006.98535,01427.66284,248.4,$CANDY,28,16,1,9,0
00003,16:33:15,5006.98730,01427.66504,252.9,$CANDY,29,18,0,1,0
00004,16:33:26,5006.98779,01427.66663,251.5,$CANDY,30,18,1,2,0
00005,16:33:37,5006.98828,01427.66589,252.8,$CANDY,30,18,1,2,0
00006,16:33:48,5006.98877,01427.66492,250.2,$CANDY,1,20,143,1,143
00007,16:33:59,5006.99170,01427.66174,254.2,$CANDY,2,19,0,1,0
00008,16:34:11,5006.99121,01427.66431,249.9,$CANDY,3,19,0,3,0
00009,16:34:22,5006.99268,01427.66309,250.4,$CANDY,4,18,0,4,0
00010,16:34:33,5006.99316,01427.65918,248.3,$CANDY,5,18,1,2,0
00011,16:34:44,5006.98926,01427.64331,247.5,$CANDY,6,18,0,1,0
00012,16:34:56,5006.98535,01427.62769,248.1,$CANDY,7,17,0,6,0
00013,16:35:07,5006.98438,01427.62280,244.4,$CANDY,8,18,1,4,0
00014,16:35:18,5006.98730,01427.60876,241.6,$CANDY,9,18,1,1,0
00015,16:35:28,5006.98291,01427.57532,242.3,$CANDY,10,18,2,3,0
00016,16:35:39,5006.98926,01427.50330,241.1,$CANDY,11,21,0,1,0
00017,16:35:51,5006.99414,01427.46204,238.0,$CANDY,12,18,0,4,0
00018,16:36:02,5006.99512,01427.39624,225.6,$CANDY,13,17,2,5,0
00019,16:36:35,5007.09375,01427.50366,225.7,$CANDY,16,18,0,1,0
00020,16:36:47,5007.08252,01427.57056,231.8,$CANDY,17,17,0,9,0
00021,16:36:58,5007.06396,01427.58972,224.9,$CANDY,18,19,0,2,0
00022,16:37:19,5007.06055,01427.37378,211.4,$CANDY,20,18,1,3,0
00023,16:37:31,5007.06787,01427.22998,204.4,$CANDY,21,18,1,2,0
00024,16:37:53,5007.01807,01426.99878,199.7,$CANDY,23,16,6,23,0
00025,16:38:04,5006.98828,01426.89978,201.4,$CANDY,24,18,1,5,0
00026,16:43:19,5006.88330,01426.67029,188.6,$CANDY,7,20,0,4,0
00027,16:44:14,5006.87549,01426.62915,186.0,$CANDY,12,18,1,4,0
00028,262670327086302694620881198025489252352.00,-206251424.00000,0   0.00000,0.0,$CANDY,20,19,1,2,0
00029,16:46:05,5007.00049,01426.96423,189.8,$CANDY,22,19,0,2,0
00030,16:46:39,5007.05518,01427.16895,189.5,$CANDY,25,19,1,2,0
00031,16:47:01,5007.05908,01427.34644,205.2,$CANDY,27,19,55,2,54
00032,16:47:13,5007.03809,01427.44226,215.6,$CANDY,28,19,0,2,0
00033,16:47:24,5007.04053,01427.51978,217.4,$CANDY,29,18,1,2,0
00034,16:47:34,5007.05518,01427.58960,221.9,$CANDY,30,19,0,1,0
00035,16:47:45,5007.06006,01427.67883,224.4,$CANDY,31,19,0,2,0
00036,16:47:57,5007.05859,01427.78467,232.5,$CANDY,32,19,97,1,97
00037,16:48:08,5007.05566,01427.88464,238.0,$CANDY,33,19,1,1,0
00038,16:48:19,5007.04980,01427.99243,243.3,$CANDY,34,20,1,2,0
00039,16:49:25,5007.15869,01427.82336,252.3,$CANDY,40,19,1,3,0
00040,16:49:36,5007.17236,01427.71899,251.2,$CANDY,41,18,1,8,0
00041,16:49:48,5007.18359,01427.61560,263.0,$CANDY,42,20,99,1,99
00042,16:49:59,5007.19824,01427.53284,273.2,$CANDY,43,20,0,1,0
00043,16:50:10,5007.23633,01427.45752,272.7,$CANDY,44,20,0,1,0
00044,16:50:33,5007.27393,01427.36658,280.3,$CANDY,46,19,98,4,98
00045,00:00:00,-206251712.00000,   0.00000,0.0,$CANDY,88,19,0,1,0
00046,16:58:30,5007.23145,01427.47791,268.6,$CANDY,89,21,0,2,0
00047,16:58:41,5007.19482,01427.55518,266.3,$CANDY,90,21,197,1,197
00048,16:58:52,5007.18359,01427.63721,272.2,$CANDY,91,18,51,3,49
00049,16:59:03,5007.16797,01427.73450,266.0,$CANDY,92,19,26,3,25
00050,16:59:15,5007.13135,01427.81921,247.6,$CANDY,93,20,0,2,0
00051,16:59:26,5007.11328,01427.76428,237.9,$CANDY,94,20,98,1,98
00052,16:59:37,5007.10693,01427.68701,234.9,$CANDY,95,19,41,2,38
00053,16:59:48,5007.10400,01427.63770,229.4,$CANDY,96,18,7,3,5
00054,16:59:59,5007.09912,01427.56433,224.1,$CANDY,97,20,1,1,0
00055,17:00:10,5007.09180,01427.50037,214.7,$CANDY,98,20,110,1,109
00056,17:00:21,5007.07666,01427.41357,218.0,$CANDY,99,18,1,3,0
00057,17:00:32,5007.02490,01427.37744,221.0,$CANDY,1,1,65535,65535,65535
00058,17:00:43,5006.99951,01427.38196,222.2,$CANDY,101,20,1,2,0
00059,17:00:55,5006.99561,01427.43384,236.1,$CANDY,102,19,1,2,0
00060,17:01:06,5006.99561,01427.50488,242.3,$CANDY,103,20,2,2,1
00061,17:01:17,5006.98633,01427.56836,242.9,$CANDY,104,20,109,1,109
00062,17:01:28,5006.98730,01427.60364,245.4